{
  "metadata": {
    "tasks": [
      "uppercase",
      "first_letter",
      "repeat_word",
      "length",
      "linear_2x",
      "sentiment",
      "antonym",
      "pattern_completion"
    ],
    "regimes": {
      "uppercase": "procedural",
      "first_letter": "procedural",
      "repeat_word": "procedural",
      "length": "counting",
      "linear_2x": "gd_like",
      "sentiment": "bayesian",
      "antonym": "retrieval",
      "pattern_completion": "induction"
    },
    "timestamp": "2026-01-28T00:46:56.077910"
  },
  "similarity_matrix": {
    "names": [
      "antonym",
      "first_letter",
      "length",
      "linear_2x",
      "pattern_completion",
      "repeat_word",
      "sentiment",
      "uppercase"
    ],
    "matrix": [
      [
        1.0,
        0.735703698229457,
        0.7104772823887681,
        0.6887906967839685,
        0.7238283578804648,
        0.7462995961335541,
        0.660423717141211,
        0.7656851479297535
      ],
      [
        0.735703698229457,
        1.0,
        0.8305849015262169,
        0.625446848947924,
        0.6644866616228634,
        0.8608751068576154,
        0.6525256586167678,
        0.8859737550479889
      ],
      [
        0.7104772823887681,
        0.8305849015262169,
        1.0,
        0.6344701912231054,
        0.6663414097089345,
        0.8613702905069781,
        0.6941402624229243,
        0.8801087856059643
      ],
      [
        0.6887906967839685,
        0.625446848947924,
        0.6344701912231054,
        1.0,
        0.7519200289894484,
        0.6462685560296645,
        0.546101333782561,
        0.6728224829322763
      ],
      [
        0.7238283578804648,
        0.6644866616228634,
        0.6663414097089345,
        0.7519200289894484,
        1.0,
        0.7072265271914905,
        0.5680695403214484,
        0.710484645128867
      ],
      [
        0.7462995961335541,
        0.8608751068576154,
        0.8613702905069781,
        0.6462685560296645,
        0.7072265271914905,
        1.0,
        0.6476255211870515,
        0.9347951874724904
      ],
      [
        0.660423717141211,
        0.6525256586167678,
        0.6941402624229243,
        0.546101333782561,
        0.5680695403214484,
        0.6476255211870515,
        1.0,
        0.6703671704942129
      ],
      [
        0.7656851479297535,
        0.8859737550479889,
        0.8801087856059643,
        0.6728224829322763,
        0.710484645128867,
        0.9347951874724904,
        0.6703671704942129,
        1.0
      ]
    ]
  },
  "clustering": {
    "linkage_matrix": [
      [
        5.0,
        7.0,
        0.06520481252750965,
        2.0
      ],
      [
        1.0,
        8.0,
        0.12657556904719786,
        3.0
      ],
      [
        2.0,
        9.0,
        0.1426453407869469,
        4.0
      ],
      [
        3.0,
        4.0,
        0.24807997101055157,
        2.0
      ],
      [
        0.0,
        10.0,
        0.2604585688296168,
        5.0
      ],
      [
        11.0,
        12.0,
        0.3259833622550441,
        7.0
      ],
      [
        6.0,
        13.0,
        0.36582097086197474,
        8.0
      ]
    ],
    "names": [
      "antonym",
      "first_letter",
      "length",
      "linear_2x",
      "pattern_completion",
      "repeat_word",
      "sentiment",
      "uppercase"
    ]
  },
  "pca_embedding": {
    "2d": {
      "antonym": [
        1.3122357058589464,
        0.9616342095976528
      ],
      "first_letter": [
        -2.233714315689903,
        -1.0010480051401638
      ],
      "length": [
        -2.716143344984607,
        -0.657311984537685
      ],
      "linear_2x": [
        5.284600782948614,
        -0.868265506535664
      ],
      "pattern_completion": [
        3.8107056733661424,
        -0.9321210074994086
      ],
      "repeat_word": [
        -2.4307002289490898,
        -2.0281804530116854
      ],
      "sentiment": [
        -0.8899374144605048,
        6.092520430933686
      ],
      "uppercase": [
        -2.137046858089599,
        -1.567227683806733
      ]
    },
    "3d": {
      "antonym": [
        1.3122357058589484,
        0.9616342095976483,
        4.363047436147521
      ],
      "first_letter": [
        -2.233714315689907,
        -1.0010480051401618,
        0.12409396446400983
      ],
      "length": [
        -2.716143344984607,
        -0.6573119845376859,
        -1.5094386710321095
      ],
      "linear_2x": [
        5.284600782948613,
        -0.8682655065356717,
        -2.689164132226189
      ],
      "pattern_completion": [
        3.8107056733661415,
        -0.9321210074994046,
        0.9125729076930532
      ],
      "repeat_word": [
        -2.4307002289490898,
        -2.028180453011685,
        0.039624003381642174
      ],
      "sentiment": [
        -0.889937414460503,
        6.092520430933693,
        -1.0982129107583884
      ],
      "uppercase": [
        -2.1370468580896,
        -1.5672276838067318,
        -0.14252259766953876
      ]
    }
  },
  "regime_clustering": {
    "silhouette_score": 0.09605392177872116,
    "p_value": 0.005,
    "n_permutations": 1000
  },
  "regime_similarity": {
    "within_mean": 0.8938813497926982,
    "between_mean": 0.698462772509035,
    "within_values": [
      0.8608751068576154,
      0.8859737550479889,
      0.9347951874724904
    ],
    "between_values": [
      0.735703698229457,
      0.7104772823887681,
      0.6887906967839685,
      0.7238283578804648,
      0.7462995961335541,
      0.660423717141211,
      0.7656851479297535,
      0.8305849015262169,
      0.625446848947924,
      0.6644866616228634,
      0.6525256586167678,
      0.6344701912231054,
      0.6663414097089345,
      0.8613702905069781,
      0.6941402624229243,
      0.8801087856059643,
      0.7519200289894484,
      0.6462685560296645,
      0.546101333782561,
      0.6728224829322763,
      0.7072265271914905,
      0.5680695403214484,
      0.710484645128867,
      0.6476255211870515,
      0.6703671704942129
    ]
  }
}